INDEX.

1401, 11011000, 1. 95.

10 charith, conventos, lxxi, lxxii.

1000111,111011101001,1 114.

10030110, battle of, l; i. 125, 174, 182, 183 ;
11 5, 9.

100111, mode 01001100101103, mvii

10010000, Bishop 01113310, 1 12, 13.

1000111103, Adam, i. 188.

1011000, Rev. Μ1., quoted, i. 38.

1011000, 11011011, 0100000301, ii. 22, 23.

Layng, Μ1. John, 11000 01 Kyle, 1. 109.

10113000, lviii.

1101110001, Sir 11101001, 1 134.

101111, Μ1. Ρο111011, 0111010101 (1101030001. 4445.

10111, 10110 01, 111; i. 80, 87 ; 11. 21, 23, 28,
97, 31.

1011110010, 111. 101111. 79, 80.

100001, 1110 00111001 01, i. 41.

1000011, 1011 01,1 142.

100001, 1101οο101, Earl 01, i. 41.

100001, 1110111100, 1011 01,11 10, 17.

100110, 110 1010ογ 01, 1 30, 32.

100 Χ, Pope, i. 85, 86.

100110, Bishop, lxv.

10010011, 01101011 01, xxxviii3 1 86, 98.

11011003, John, ii. 32.

11010001, william de, 01 1010101100, 1 3.

10031000, 100110 01, 1 159, 164.
10001010 01010101, ii. 82.
11010100, 11110101, i. 10.
110110100111110301, ii. 64.

1101111300, i. 39, 40 ; 111010 01, 1. 114.

1101111300, 01101011 01, ii. 82.

1101110ιο, william, Bishop 01, 1. 111.

01100011, 010401 1101, 1. 100, 104, 101,
104 3 11. 17, 10, 90, 01.

1111030100, 1100000, chamberlain 01 (1100300, i.
113, 1111.

Lochdoon,'1 14.

1001101300, 101111 01, 0100311101 01 the, xxxvii.

1001110100, 1 143.

1001100100, 000110 01, 11. 59.

10011, Ρο111011,1 185,188.

1001111011, Μ1. (100130, (1000018110300, 1. 112.

1001111011, (100130, brother 10 110 101111 01 Bar,
1 118.

1001111011, John, 11113000 01 Ayr, ii. 58.

1001111111, 11101001, 1 94.

10300, 1410101101. 3.

155

1011101000,11111,1111; 1 180, 184, 180, 18ος 11
44, 40, 40.

10011, John, i. 06. ’

10111100, 110 official 01,1. 84.

1001101, John, 1. 98.

10000, 11001030 01, 1110, 1. 157.

1000, 1 24.

13011, 10011001, 11 64.

1101011110, 1110111011, 1. 135.

1300, 1011] Margaret, (10001000 01 (1000111110, 11
51-56.

1100004100, (1111011, 1110011, 1111; ii. 88.

11(Βο100, dean (1111011, 01 0100103001, 1 118,
121,122,134,138.

1110011000, 1013110, 1. 74.

M‘Oalzeane, 111. Thomas, 1181.

M‘Oarchry, Thomas, i. 187.

1110000111, 110110, 1. 164.

1110011011, Ρο111011, ii. 9.

11Ὅογ11111001000,11111, ii. 46, 48.

M‘Oeir, John, 00011, 0111001110, 11. 3.

1101011000, Sir 1100000, curate 01 Μο01010, 1.
104, 100, 100.

1110101100, Μ1. 1110οι001. 64.

M‘Com, william, 111 (1110011110, 11 10.

M‘Oormyll, Αο111011, 001011, i. 49; vicar 01
81101100, 52, 53.

11100101110111011, 1 53, 04, 82, 83.

M‘Ooury, John, i. 94.

11101γο0311, 11113010, 1 62, 63.

M‘Orynnyll, 11110000, 01001010, 1 88.

1110010001000, lande 01, lviii; 1 77, 79, 89, 90.

1110011100, 110, 01 Κο0011001100, ii. 32.

Μ10011001, Alexander, i. 87.

110011οο011, Augus, Lord 01110 10100, 1 12.

111)οο3011, 0011101, 01 (1011111000, ii. 31.

1111000110, 01 (1011110011, 1. 99.

1111100011, (11110111 138.

M‘Ewen, Maurice, 1. 56, 60.

110011000101011, sub-prior 01 (1100103001,111;
1103104, 107, 118, 120, 122.

Μ1011101000,10110, i. 40-42.

Μ((111101000,11131010,1 40, 42.

0000004001,ωο 01, lviii; 1. 159, 164; ii.
17, 10, 30, 33, 00-41, 51, 56.

M‘Ilquhan, Marion, i. 94.

M‘sswrayth, John, in Meldinoch, 1. 188.

M‘Ke, 10100101 82.

 

