OHARTERS OF THE ABBEY OF CROSRAGUEL. 15

00666111 661161 500 marks, Signed 01006 parties 6οΚ11116116611 5th
Apri] 1571.²

105. 8116601116 by Jamee VI. ratisyiey α 01161061 by Allan Abbot of
06661611161.-[1571.]2

0616 0616161606111 with 611666111 6616610 61 016 11600 01660 6661816
J 60116 0116 61 0161 Lord 0160116606, 1168610 06 him his realme and 161866

01116166 616 00610661 61 061011160166106 06116111 611161οἰ6 01610 06111 11
006 1161116111616061661116111616111 6111 161 him 6111 016 666666666116161-
petualie 6611611161111 006 00610661 61 16111-161116 166601661 8110 and 1116-
16610166100611111 contenit maid 6111 86111 06 011616 06111610606161 006
00061610616168660 6111 convent- 0061161 with 616 6616610 6111 666610
6061066106 8610161100 to J 61166 Stewarte 61 0610616111 6111011666Η6111 016
61666 6111 006 161861016161006116 0116 11 conjunct 116 6111 0116 66111 1611166
61116 6111 6661816116 quhateumever 61 60 6111 61101160061611116 under·
11110011 Το600 16 06 661 61 611 and 116111 006 1661 mark land 61 66111 610610
61 0166016110111 11100 006 061111 6606116 0061161 006111116 61 0616168660
with 006 1111116 landis 660116010111110611666116606 66111666 61 66111 66600 6111
116110 06 006 66111 1111116 1600118618 6111 6116006116 011611 161061610016 0681111161
11100 006 06111116 61 006 66111 111116 006 6116110 mark land 61 611111 610610 61
061611601611100 the 061111 66116116 0061161 061 1161016111 61006 6611 6106110611
Drumgarloch 61101116 111116 0061161 1111116 16111116 660116010 11111Ιο6116 6661111
6111 services pertening 06 006 66111 111116 0681111161 111011 006 06111116 61 006
66111161611116 61 Drumgarloeh 6111 111116 061 6611111118 16111 661110 Μ6101161116
16111 with the 06111116 0061161 0681111161 with the fysehingie 61 006 11160011 61
0611161 66100 6106116 11 006 661 with 006 06111116 61 006 66116 11660118 Το6
1661016 6611111118 16111 61 611111 610610 61 01686100 with 006 6611106160 61
16116106 1110011 006 6611116 1611116 61 01686100 661 1161016111 61 66111 610610

² The Ρ611611 MSS. (0611160166 0160) 0616 116111 1168611016 1166, because Gilbert Ε111 61 066·
these 16066 about the Ε611 60 0016 period. . . . 61106 1166 06 persew the 161111 61 06186116 161
April 27, 1571. “Το6 Ε106 61 06661106 6111 016 house 61])61111116160616 06 006 66111 1161111 61
1180110661 were put in 1161111, 006 66111 Ε116 61 061611. And 00666111 1168610, 11111110 06 666160
06661106 11 0610610616, 6111 006 66111 Ε116 61 006 66111 Erll, 1660 06 011, 6111 00611 16116110
1181110661 11 Doun Creten, 06 111 116111 11686110. ” quhill 00611 1166 616 6661116666 061111 060611 006
March 9,1571. “Matho Earl 61 1161161, 1068610, 66111 Ρ610616;” . . . Feb.22,1577. “The 0116
116161101011601668611 0611610 0611160 with 016 610666110666116606011110618116606116110.”
11611106 end men 61116616 This passing 61 111 ² 01111666 1166166110, No. 775.

 

