INDEX.

0100103001, etymology 01 the 00010, lxvi-lxix.
0100103001,1000001,11111; 01001001 1010 0 1100

101000, 110111; into 0 10301110, 1111, 10111 ; i.
zmeQwflfflmmmz
000

(1100103001,Μο10001,10111; 1119, 184 ; 11 33,
mmmm

(1100103001,10111001,11; 1166,170; ii. 15,17.

0100103001,1030111001,1001,1101; 01100110οἰ11
10100100 000 history 01, 101 et 000. ,· 101000101-
110000 0011100111)1 01, 1011 ; 010000 included
in, lviii ; 10100110 01, lxi, lxii ; 1 39, 156-
00000000

0100103001, 000000 0001 00010110 01, 10, 111 ; i. 2,
mmmm&

01001111, 1 38, 159.

(110100, the four points of the, xxxi.

0103101000(οῐ111111010), i. 125.

(11000010, 00001 tax levied 101, xxvi.

(10101000100010 01, i. 99.

(101001000111. Adam, i. 64.

1101001000, 111. 1010, rector 01 8101101108,
mmm

0011000,1010001, 11 44, 45.

(1011000, 0101101 cheat 01, li; 101000 01, 111;
00011001, 1 16 ; Κο0000100 01, 56.

001010100011, 100010 01, 1. 30, 32.

(1000103100, 11011011, 1 179.

(100010310010,0101110101, 1 179 ; 11 9.

(1000031001, 111. 110010, dean 01 11031001 46,
47 ; 01010000 01113010, 57, 02.

(1000030011, lande 0001010 01, 11. 78.

Oui-ry, Sir Hugh, commendator 01 the Priory 01
QfflQmmm

1101001 (1101001101000), 010101 01, 10111, 1101,
1110, 101, 1011, 1010; 1 10, 37, 39, 50, 52,
Μψωηοηωψωψο,
55, 58, 59, 156, 196; 00110110οε10 01, 1.
125.

1101010010, 10000 01, 11 44, 45.

1101000100, 10000 01, 1 40, 42.

110101003, 10001001,10111; 1 159, 164.

1101110310, Sir 101000, xxvii; 1 13, 14.

11010010100, 01010101,11111; 1 2, 3.

11010000, 0111101 01, 11 82.

1101010110, 1 6.

11010010100 (11010101000), 10000 01, 110111,10111;

149

mmmmfflmmmmwmm
01, 1. 18.

1101100010, 11010ογ 01, 1. 99, 100.

1101100010, 10110 01, 1. 20.

11010100, Hem'y, Lord‚ xli13 Κ103 01 80010, 1.
mmmmm

11000110, the, 1. 81.

David 1., Κ103 01 80010, xxii.

David 11., Κ103 01 80010, 0010; i. 18, 26.

110010, 11010 0180110000, 1 37, 39.

1101010000,Βο0010, 1. 94, 95.

1100101000, Sir (10013001001010,1 88, 100.

1100101000, 1010, minister 01 110010000οε, xli,
0111 ; 1 130.

110010οο0, 1010, 01 (110000, 1 51.

1100101000, 1010, i. 523 11. 9.

110010οο0, Thomas, 01810000, 1 52, 53.

110000, 10101, 1011001011οο 01, 1 46.

11000000. (8001100000)

1100100110, 0011000)1 10, liii.

1101103111. Roger of, precentor 01 0110100001.
m

1101000301 (0. Ηο1000000), i. 79.

110 Τ100, 110101100, 1111.

1101001, 811 11101001, sub-prior 01 (1100103001,
fflmMQanQOMQ
lffimfflmwflmffimmw

1100010, 1010 01110 10100, 1 12.

1100000, 010001 01, xxxi.

11000110 110101 01, 101, 10111; i. 81 ; 1147, 78.

1100310000, 0001000101 110, xxxvii

11003100, 811 A„ 1 30.

11003100, Adam, 011000010001, 1 104, 105.

11003100, 0101110100111110010010, 199, 100.

11003100, 101110001011000010 01 11001010, xxxvii ς
1. 68, 70.

11003100, 100100, 110111 16, 17, 18.

11003100, 100100, 1010 01 1101101111 1. 39.

11003100, 111. 1010, i. 66.

11003100, 100100, soldier, i. 182, 183.

11003100, 11101001 66.

11003100, 111. 1101011, Ρ10000101 1100Ιο000, 11.
66.

1110011000, lviii.

Drumcaldilthey, lviii ; i. 37, 39.

11111οι1010, lviii; 1 37, 39.

11100301100101003101001), 10000 01, lviii ; i. 14-
Qwstmmwfflmnffim
immnaemmmwstmffi

 

